54.5786253100845	1.71520239927509	24.86426632722
53.9332846847509	8.54219310965815	24.86426632722
52.4373839417561	15.2344683318431	24.86426632722
50.1145143294251	21.6864868878046	24.86426632722
47.0013088891593	27.7964965906661	24.86426632722
43.1468647304904	33.4681389374706	24.86426632722
38.6119687403341	38.6119687403341	24.86426632722
33.4681389374706	43.1468647304904	24.86426632722
27.7964965906661	47.0013088891593	24.86426632722
21.6864868878046	50.1145143294251	24.86426632722
15.2344683318431	52.4373839417561	24.86426632722
8.54219310965814	53.9332846847509	24.86426632722
1.71520239927509	54.5786253100845	24.86426632722
-54.5786253100845	-1.7152023992751	24.86426632722
-53.9332846847509	-8.54219310965817	24.86426632722
-52.4373839417561	-15.2344683318431	24.86426632722
-50.1145143294251	-21.6864868878046	24.86426632722
-47.0013088891593	-27.7964965906661	24.86426632722
-43.1468647304904	-33.4681389374706	24.86426632722
-38.6119687403341	-38.6119687403341	24.86426632722
-33.4681389374706	-43.1468647304904	24.86426632722
-27.7964965906661	-47.0013088891593	24.86426632722
-21.6864868878046	-50.1145143294251	24.86426632722
-15.2344683318431	-52.4373839417561	24.86426632722
-8.54219310965816	-53.9332846847509	24.86426632722
-1.71520239927509	-54.5786253100845	24.86426632722
-5.13883807755678	54.3632284105877	24.86426632722
-11.9118360081125	53.2904909240374	24.86426632722
-18.4969771690344	51.3773305614188	24.86426632722
-24.790409950442	48.653919004517	24.86426632722
-30.6928831578581	45.1632060804715	24.86426632722
-36.1113112628351	40.9602424173455	24.86426632722
-40.9602424173455	36.1113112628351	24.86426632722
-45.1632060804716	30.6928831578581	24.86426632722
-48.653919004517	24.790409950442	24.86426632722
-51.3773305614188	18.4969771690344	24.86426632722
-53.2904909240374	11.9118360081125	24.86426632722
-54.3632284105877	5.13883807755678	24.86426632722
5.13883807755679	-54.3632284105877	24.86426632722
11.9118360081125	-53.2904909240373	24.86426632722
18.4969771690344	-51.3773305614187	24.86426632722
24.7904099504421	-48.653919004517	24.86426632722
30.6928831578581	-45.1632060804715	24.86426632722
36.1113112628351	-40.9602424173455	24.86426632722
40.9602424173455	-36.1113112628351	24.86426632722
45.1632060804716	-30.6928831578581	24.86426632722
48.653919004517	-24.790409950442	24.86426632722
51.3773305614188	-18.4969771690344	24.86426632722
53.2904909240374	-11.9118360081125	24.86426632722
54.3632284105877	-5.13883807755677	24.86426632722
52.6285080134508	5.18345561083853	28.3438164721799
51.5016871082817	12.0085091827433	28.3438164721799
49.4936580577248	18.6280938331436	28.3438164721799
46.6387787955656	24.9289466333755	28.3438164721799
42.985897097502	30.8032582451005	28.3438164721799
38.5975147821579	36.1505175679753	28.3438164721799
33.5487182876382	40.879231512445	28.3438164721799
27.9258939217551	44.9084904718725	28.3438164721799
21.8252497683502	48.1693527083405	28.3438164721799
15.3511695403065	50.6060239649012	28.3438164721799
8.61442654527978	52.1768121207818	28.3438164721799
1.73028832369311	52.8548405551306	28.3438164721799
-52.6285080134508	-5.18345561083851	28.3438164721799
-51.5016871082817	-12.0085091827433	28.3438164721799
-49.4936580577248	-18.6280938331436	28.3438164721799
-46.6387787955656	-24.9289466333755	28.3438164721799
-42.985897097502	-30.8032582451005	28.3438164721799
-38.5975147821579	-36.1505175679753	28.3438164721799
-33.5487182876382	-40.879231512445	28.3438164721799
-27.9258939217551	-44.9084904718725	28.3438164721799
-21.8252497683503	-48.1693527083405	28.3438164721799
-15.3511695403065	-50.6060239649012	28.3438164721799
-8.61442654527979	-52.1768121207818	28.3438164721799
-1.73028832369311	-52.8548405551306	28.3438164721799
-1.73028832369309	52.8548405551306	28.3438164721799
-8.61442654527976	52.1768121207818	28.3438164721799
-15.3511695403065	50.6060239649012	28.3438164721799
-21.8252497683502	48.1693527083405	28.3438164721799
-27.9258939217551	44.9084904718725	28.3438164721799
-33.5487182876382	40.879231512445	28.3438164721799
-38.5975147821579	36.1505175679753	28.3438164721799
-42.985897097502	30.8032582451005	28.3438164721799
-46.6387787955656	24.9289466333755	28.3438164721799
-49.4936580577247	18.6280938331436	28.3438164721799
-51.5016871082817	12.0085091827433	28.3438164721799
-52.6285080134508	5.18345561083854	28.3438164721799
1.73028832369305	-52.8548405551306	28.3438164721799
8.61442654527977	-52.1768121207818	28.3438164721799
15.3511695403064	-50.6060239649012	28.3438164721799
21.8252497683502	-48.1693527083405	28.3438164721799
27.9258939217551	-44.9084904718726	28.3438164721799
33.5487182876382	-40.879231512445	28.3438164721799
38.5975147821578	-36.1505175679753	28.3438164721799
42.985897097502	-30.8032582451005	28.3438164721799
46.6387787955656	-24.9289466333755	28.3438164721799
49.4936580577247	-18.6280938331436	28.3438164721799
51.5016871082817	-12.0085091827433	28.3438164721799
52.6285080134508	-5.18345561083857	28.3438164721799
50.9665837659929	1.82027615567176	31.6084471928173
50.1887651242933	9.05504949502763	31.6084471928173
48.38924795711	16.1054881392711	31.6084471928173
45.6046652445879	22.8280654893916	31.6084471928173
41.8917030606805	29.0859292568528	31.6084471928173
37.3259466081535	34.7516873815381	31.6084471928173
32.0003415218258	39.7100013667261	31.6084471928173
26.0233017634784	43.8599342382752	31.6084471928173
19.5165026262317	47.1170053303387	31.6084471928173
12.612403776461	49.4149100680998	31.6084471928173
5.45155275697061	50.7068697377076	31.6084471928173
-50.9665837659929	-1.82027615567177	31.6084471928173
-50.1887651242933	-9.05504949502763	31.6084471928173
-48.38924795711	-16.1054881392711	31.6084471928173
-45.6046652445879	-22.8280654893916	31.6084471928173
-41.8917030606805	-29.0859292568528	31.6084471928173
-37.3259466081535	-34.7516873815381	31.6084471928173
-32.0003415218258	-39.7100013667261	31.6084471928173
-26.0233017634784	-43.8599342382752	31.6084471928173
-19.5165026262317	-47.1170053303387	31.6084471928173
-12.612403776461	-49.4149100680998	31.6084471928173
-5.45155275697061	-50.7068697377076	31.6084471928173
-5.45155275697061	50.7068697377076	31.6084471928173
-12.612403776461	49.4149100680998	31.6084471928173
-19.5165026262317	47.1170053303387	31.6084471928173
-26.0233017634784	43.8599342382752	31.6084471928173
-32.0003415218258	39.7100013667261	31.6084471928173
-37.3259466081535	34.7516873815381	31.6084471928173
-41.8917030606805	29.0859292568528	31.6084471928173
-45.6046652445879	22.8280654893916	31.6084471928173
-48.38924795711	16.1054881392712	31.6084471928173
-50.1887651242933	9.05504949502764	31.6084471928173
-50.9665837659929	1.82027615567176	31.6084471928173
5.45155275697059	-50.7068697377076	31.6084471928173
12.612403776461	-49.4149100680998	31.6084471928173
19.5165026262317	-47.1170053303387	31.6084471928173
26.0233017634784	-43.8599342382752	31.6084471928173
32.0003415218258	-39.7100013667261	31.6084471928173
37.3259466081535	-34.7516873815381	31.6084471928173
41.8917030606805	-29.0859292568528	31.6084471928173
45.6046652445879	-22.8280654893916	31.6084471928173
48.38924795711	-16.1054881392712	31.6084471928173
50.1887651242933	-9.05504949502764	31.6084471928173
50.9665837659929	-1.82027615567179	31.6084471928173
48.6828541127161	5.76199549301359	34.5944955647353
47.18211271151	13.3067320067656	34.5944955647353
44.519591106892	20.5238126159995	34.5944955647353
40.7608494171703	27.2355288439985	34.5944955647353
35.9984403372946	33.2766159623204	34.5944955647353
30.3496301843408	38.4983223568932	34.5944955647353
23.9535114116007	42.7720722864327	34.5944955647353
16.9675776907604	45.9926318439109	34.5944955647353
9.56384589501172	48.0807001645981	34.5944955647353
1.9246204727431	48.9848620765376	34.5944955647353
-48.6828541127161	-5.76199549301357	34.5944955647353
-47.18211271151	-13.3067320067656	34.5944955647353
-44.519591106892	-20.5238126159995	34.5944955647353
-40.7608494171704	-27.2355288439985	34.5944955647353
-35.9984403372946	-33.2766159623204	34.5944955647353
-30.3496301843408	-38.4983223568932	34.5944955647353
-23.9535114116007	-42.7720722864327	34.5944955647353
-16.9675776907604	-45.9926318439108	34.5944955647353
-9.56384589501173	-48.080700164598	34.5944955647353
-1.92462047274312	-48.9848620765376	34.5944955647353
-1.9246204727431	48.9848620765376	34.5944955647353
-9.56384589501171	48.0807001645981	34.5944955647353
-16.9675776907604	45.9926318439109	34.5944955647353
-23.9535114116007	42.7720722864327	34.5944955647353
-30.3496301843408	38.4983223568932	34.5944955647353
-35.9984403372946	33.2766159623204	34.5944955647353
-40.7608494171703	27.2355288439985	34.5944955647353
-44.519591106892	20.5238126159995	34.5944955647353
-47.18211271151	13.3067320067656	34.5944955647353
-48.6828541127161	5.76199549301358	34.5944955647353
1.9246204727431	-48.9848620765376	34.5944955647353
9.56384589501171	-48.0807001645981	34.5944955647353
16.9675776907604	-45.9926318439109	34.5944955647353
23.9535114116007	-42.7720722864327	34.5944955647353
30.3496301843408	-38.4983223568932	34.5944955647353
35.9984403372946	-33.2766159623204	34.5944955647353
40.7608494171703	-27.2355288439985	34.5944955647353
44.519591106892	-20.5238126159995	34.5944955647353
47.18211271151	-13.3067320067656	34.5944955647353
48.6828541127161	-5.76199549301359	34.5944955647353
46.903347587328	1.93993680597514	37.3672668292868
45.9443439564378	9.63351587539165	37.3672668292868
43.7320983903819	17.0643177444291	37.3672668292868
40.3269551813087	24.029649508755	37.3672668292868
35.8217977594156	30.3395150751032	37.3672668292868
30.3395150751032	35.8217977594156	37.3672668292868
24.029649508755	40.3269551813087	37.3672668292868
17.0643177444291	43.7320983903819	37.3672668292868
9.63351587539166	45.9443439564378	37.3672668292868
1.93993680597514	46.903347587328	37.3672668292868
-46.903347587328	-1.93993680597514	37.3672668292868
-45.9443439564378	-9.63351587539163	37.3672668292868
-43.732098390382	-17.0643177444291	37.3672668292868
-40.3269551813087	-24.029649508755	37.3672668292868
-35.8217977594156	-30.3395150751031	37.3672668292868
-30.3395150751032	-35.8217977594156	37.3672668292868
-24.029649508755	-40.3269551813087	37.3672668292868
-17.0643177444291	-43.7320983903819	37.3672668292868
-9.63351587539167	-45.9443439564378	37.3672668292868
-1.93993680597517	-46.903347587328	37.3672668292868
-5.80655868247055	46.5829501639378	37.3672668292868
-13.3946663866272	44.9918912927635	37.3672668292868
-20.617402509046	42.1735709122297	37.3672668292868
-27.2777496365751	38.2048654555047	37.3672668292868
-33.1940308618047	33.1940308618047	37.3672668292868
-38.2048654555047	27.2777496365751	37.3672668292868
-42.1735709122297	20.617402509046	37.3672668292868
-44.9918912927635	13.3946663866272	37.3672668292868
-46.5829501639378	5.80655868247056	37.3672668292868
5.80655868247054	-46.5829501639378	37.3672668292868
13.3946663866272	-44.9918912927635	37.3672668292868
20.617402509046	-42.1735709122297	37.3672668292868
27.2777496365751	-38.2048654555047	37.3672668292868
33.1940308618047	-33.1940308618047	37.3672668292868
38.2048654555046	-27.2777496365751	37.3672668292868
42.1735709122297	-20.617402509046	37.3672668292868
44.9918912927634	-13.3946663866273	37.3672668292868
46.5829501639378	-5.80655868247056	37.3672668292868
44.3459009497847	5.83824861780242	39.9919482149671
42.6583858364115	13.4501373897529	39.9919482149671
39.6747172555838	20.6533505432137	39.9919482149671
35.4855524673208	27.2290220915186	39.9919482149671
30.2181771238942	32.9773535821227	39.9919482149671
24.0326377596935	37.7236848714801	39.9919482149671
17.1168788582661	41.3238010851232	39.9919482149671
9.6810322542888	43.6683145136472	39.9919482149671
1.95103238410367	44.6859883029073	39.9919482149671
-44.3459009497847	-5.83824861780241	39.9919482149671
-42.6583858364115	-13.4501373897529	39.9919482149671
-39.6747172555838	-20.6533505432137	39.9919482149671
-35.4855524673208	-27.2290220915186	39.9919482149671
-30.2181771238942	-32.9773535821227	39.9919482149671
-24.0326377596936	-37.7236848714801	39.9919482149671
-17.1168788582661	-41.3238010851232	39.9919482149671
-9.6810322542888	-43.6683145136472	39.9919482149671
-1.95103238410368	-44.6859883029073	39.9919482149671
-1.95103238410367	44.6859883029073	39.9919482149671
-9.6810322542888	43.6683145136472	39.9919482149671
-17.1168788582661	41.3238010851232	39.9919482149671
-24.0326377596935	37.7236848714801	39.9919482149671
-30.2181771238942	32.9773535821227	39.9919482149671
-35.4855524673208	27.2290220915186	39.9919482149671
-39.6747172555838	20.6533505432137	39.9919482149671
-42.6583858364115	13.450137389753	39.9919482149671
-44.3459009497847	5.83824861780242	39.9919482149671
1.95103238410366	-44.6859883029073	39.9919482149671
9.68103225428878	-43.6683145136472	39.9919482149671
17.116878858266	-41.3238010851232	39.9919482149671
24.0326377596935	-37.7236848714801	39.9919482149671
30.2181771238942	-32.9773535821227	39.9919482149671
35.4855524673208	-27.2290220915186	39.9919482149671
39.6747172555838	-20.6533505432138	39.9919482149671
42.6583858364115	-13.450137389753	39.9919482149671
44.3459009497847	-5.83824861780243	39.9919482149671
42.329326882837	1.95700288898988	42.4782088292153
41.2489913163378	9.70167460010201	42.4782088292153
38.7639708232729	17.1159674185838	42.4782088292153
34.95888979608	23.947396494966	42.4782088292153
29.9633257054485	29.9633257054485	42.4782088292153
23.947396494966	34.95888979608	42.4782088292153
17.1159674185838	38.7639708232729	42.4782088292153
9.70167460010201	41.2489913163378	42.4782088292153
1.95700288898987	42.329326882837	42.4782088292153
-42.329326882837	-1.95700288898987	42.4782088292153
-41.2489913163378	-9.70167460010201	42.4782088292153
-38.7639708232729	-17.1159674185838	42.4782088292153
-34.95888979608	-23.947396494966	42.4782088292153
-29.9633257054485	-29.9633257054485	42.4782088292153
-23.947396494966	-34.95888979608	42.4782088292153
-17.1159674185838	-38.7639708232729	42.4782088292153
-9.70167460010201	-41.2489913163378	42.4782088292153
-1.9570028889899	-42.329326882837	42.4782088292153
-5.85431220834055	41.9681879907729	42.4782088292153
-13.4662657248895	40.1778727919765	42.4782088292153
-20.6196417131829	37.0193483232964	42.4782088292153
-27.0708405334683	32.6001743472809	42.4782088292153
-32.6001743472809	27.0708405334683	42.4782088292153
-37.0193483232964	20.6196417131829	42.4782088292153
-40.1778727919765	13.4662657248895	42.4782088292153
-41.9681879907729	5.85431220834056	42.4782088292153
5.85431220834055	-41.9681879907729	42.4782088292153
13.4662657248895	-40.1778727919765	42.4782088292153
20.6196417131829	-37.0193483232964	42.4782088292153
27.0708405334683	-32.6001743472809	42.4782088292153
32.6001743472809	-27.0708405334683	42.4782088292153
37.0193483232964	-20.6196417131829	42.4782088292153
40.1778727919765	-13.4662657248895	42.4782088292153
41.9681879907729	-5.85431220834056	42.4782088292153
39.4586065704301	5.85313137251187	44.8191836232671
37.558531225234	13.4386573565589	44.8191836232671
34.2151025881191	20.5077432748793	44.8191836232671
29.5568067465934	26.7887281200209	44.8191836232671
23.7626593974443	32.040237166802	44.8191836232671
17.0553263739043	36.0604578676349	44.8191836232671
9.69256672255245	38.6948953955524	44.8191836232671
1.95732716770692	39.8423097937661	44.8191836232671
-39.4586065704301	-5.85313137251186	44.8191836232671
-37.558531225234	-13.4386573565589	44.8191836232671
-34.2151025881191	-20.5077432748793	44.8191836232671
-29.5568067465934	-26.788728120021	44.8191836232671
-23.7626593974443	-32.040237166802	44.8191836232671
-17.0553263739044	-36.0604578676349	44.8191836232671
-9.69256672255246	-38.6948953955524	44.8191836232671
-1.95732716770692	-39.8423097937661	44.8191836232671
-1.95732716770692	39.8423097937661	44.8191836232671
-9.69256672255245	38.6948953955524	44.8191836232671
-17.0553263739043	36.0604578676349	44.8191836232671
-23.7626593974443	32.040237166802	44.8191836232671
-29.5568067465934	26.788728120021	44.8191836232671
-34.2151025881191	20.5077432748793	44.8191836232671
-37.558531225234	13.4386573565589	44.8191836232671
-39.4586065704301	5.85313137251187	44.8191836232671
1.9573271677069	-39.8423097937661	44.8191836232671
9.69256672255245	-38.6948953955524	44.8191836232671
17.0553263739043	-36.0604578676349	44.8191836232671
23.7626593974443	-32.040237166802	44.8191836232671
29.5568067465934	-26.788728120021	44.8191836232671
34.2151025881191	-20.5077432748793	44.8191836232671
37.558531225234	-13.4386573565589	44.8191836232671
39.4586065704301	-5.85313137251189	44.8191836232671
37.2177911299899	1.95050178294284	47.0216074395504
35.9989609747768	9.64589252155096	47.0216074395504
33.2068034827858	16.9197114708396	47.0216074395504
28.963349334675	23.4540578390691	47.0216074395504
23.4540578390691	28.963349334675	47.0216074395504
16.9197114708396	33.2068034827858	47.0216074395504
9.64589252155097	35.9989609747768	47.0216074395504
1.95050178294285	37.2177911299899	47.0216074395504
-37.2177911299899	-1.95050178294283	47.0216074395504
-35.9989609747769	-9.64589252155094	47.0216074395504
-33.2068034827858	-16.9197114708396	47.0216074395504
-28.9633493346751	-23.4540578390691	47.0216074395504
-23.4540578390691	-28.963349334675	47.0216074395504
-16.9197114708396	-33.2068034827858	47.0216074395504
-9.64589252155099	-35.9989609747768	47.0216074395504
-1.95050178294286	-37.2177911299899	47.0216074395504
-5.83013524312586	36.8100252220463	47.0216074395504
-13.3559673829772	34.7934845778009	47.0216074395504
-20.2980796591503	31.256301699843	47.0216074395504
-26.3530684532259	26.3530684532259	47.0216074395504
-31.256301699843	20.2980796591503	47.0216074395504
-34.7934845778009	13.3559673829772	47.0216074395504
-36.8100252220462	5.83013524312586	47.0216074395504
5.83013524312585	-36.8100252220463	47.0216074395504
13.3559673829771	-34.7934845778009	47.0216074395504
20.2980796591503	-31.256301699843	47.0216074395504
26.3530684532259	-26.3530684532259	47.0216074395504
31.256301699843	-20.2980796591503	47.0216074395504
34.7934845778009	-13.3559673829772	47.0216074395504
36.8100252220462	-5.83013524312587	47.0216074395504
34.0446642718361	6.23891627481195	49.0105780248902
31.5623178090153	14.2050461522962	49.0105780248902
27.2456841594918	21.345630380651	49.0105780248902
21.345630380651	27.2456841594918	49.0105780248902
14.2050461522962	31.5623178090153	49.0105780248902
6.23891627481195	34.0446642718361	49.0105780248902
-34.0446642718361	-6.23891627481195	49.0105780248902
-31.5623178090153	-14.2050461522962	49.0105780248902
-27.2456841594918	-21.3456303806509	49.0105780248902
-21.345630380651	-27.2456841594917	49.0105780248902
-14.2050461522962	-31.5623178090153	49.0105780248902
-6.23891627481196	-34.0446642718361	49.0105780248902
-2.08979673902646	34.5484585944974	49.0105780248902
-10.2970583624947	33.044422082184	49.0105780248902
-17.905892382219	29.6199638700411	49.0105780248902
-24.4741010219594	24.4741010219594	49.0105780248902
-29.6199638700411	17.9058923822191	49.0105780248902
-33.044422082184	10.2970583624947	49.0105780248902
-34.5484585944974	2.08979673902647	49.0105780248902
2.08979673902645	-34.5484585944974	49.0105780248902
10.2970583624947	-33.044422082184	49.0105780248902
17.9058923822191	-29.6199638700411	49.0105780248902
24.4741010219594	-24.4741010219594	49.0105780248902
29.6199638700411	-17.9058923822191	49.0105780248902
33.0444220821839	-10.2970583624947	49.0105780248902
34.5484585944974	-2.08979673902649	49.0105780248902
31.8775894273433	2.08936759727051	50.788323809171
30.2506187813166	10.2687013785703	50.788323809171
26.5621184568543	17.748240130752	50.788323809171
21.0634536555336	24.0182656483765	50.788323809171
14.1293492965914	28.6514860541248	50.788323809171
6.23235313294009	31.332155034104	50.788323809171
-31.8775894273433	-2.0893675972705	50.788323809171
-30.2506187813166	-10.2687013785703	50.788323809171
-26.5621184568543	-17.748240130752	50.788323809171
-21.0634536555336	-24.0182656483765	50.788323809171
-14.1293492965914	-28.6514860541248	50.788323809171
-6.2323531329401	-31.332155034104	50.788323809171
-6.23235313294008	31.332155034104	50.788323809171
-14.1293492965913	28.6514860541248	50.788323809171
-21.0634536555336	24.0182656483765	50.788323809171
-26.5621184568543	17.748240130752	50.788323809171
-30.2506187813166	10.2687013785703	50.788323809171
-31.8775894273433	2.08936759727052	50.788323809171
6.23235313294006	-31.332155034104	50.788323809171
14.1293492965913	-28.6514860541248	50.788323809171
21.0634536555336	-24.0182656483765	50.788323809171
26.5621184568543	-17.748240130752	50.788323809171
30.2506187813166	-10.2687013785703	50.788323809171
31.8775894273433	-2.08936759727053	50.788323809171
28.5222061455488	6.20462616128086	52.4212396914607
25.6188111959754	13.9889292697975	52.4212396914607
20.6399325242408	20.6399325242408	52.4212396914607
13.9889292697975	25.6188111959754	52.4212396914607
6.20462616128086	28.5222061455488	52.4212396914607
-28.5222061455488	-6.20462616128086	52.4212396914607
-25.6188111959754	-13.9889292697975	52.4212396914607
-20.6399325242408	-20.6399325242408	52.4212396914607
-13.9889292697975	-25.6188111959754	52.4212396914607
-6.20462616128088	-28.5222061455488	52.4212396914607
-2.08233885849011	29.1149015813011	52.4212396914607
-10.2006051680922	27.3488808439234	52.4212396914607
-17.4924791123104	23.3672164306281	52.4212396914607
-23.3672164306281	17.4924791123104	52.4212396914607
-27.3488808439234	10.2006051680922	52.4212396914607
-29.1149015813011	2.08233885849011	52.4212396914607
2.08233885849012	-29.1149015813011	52.4212396914607
10.2006051680923	-27.3488808439234	52.4212396914607
17.4924791123104	-23.3672164306281	52.4212396914607
23.3672164306281	-17.4924791123104	52.4212396914607
27.3488808439234	-10.2006051680923	52.4212396914607
29.1149015813011	-2.0823388584901	52.4212396914607
26.2493334991047	2.06586734938817	53.9138635505517
24.3262115536429	10.076246746676	53.9138635505517
20.0218705306284	17.1002929070599	53.9138635505517
13.7576493195012	22.4504432529542	53.9138635505517
6.14673353780194	25.6029877918135	53.9138635505517
-26.2493334991047	-2.06586734938817	53.9138635505517
-24.3262115536429	-10.076246746676	53.9138635505517
-20.0218705306284	-17.1002929070599	53.9138635505517
-13.7576493195012	-22.4504432529542	53.9138635505517
-6.14673353780193	-25.6029877918135	53.9138635505517
-6.14673353780193	25.6029877918135	53.9138635505517
-13.7576493195012	22.4504432529542	53.9138635505517
-20.0218705306284	17.1002929070599	53.9138635505517
-24.3262115536429	10.076246746676	53.9138635505517
-26.2493334991047	2.06586734938818	53.9138635505517
6.14673353780192	-25.6029877918135	53.9138635505517
13.7576493195011	-22.4504432529542	53.9138635505517
20.0218705306284	-17.1002929070599	53.9138635505517
24.3262115536429	-10.076246746676	53.9138635505517
26.2493334991047	-2.06586734938819	53.9138635505517
22.5705268698211	6.04775444751351	55.2629711738454
19.1409037038839	13.4026050616057	55.2629711738454
13.4026050616057	19.1409037038839	55.2629711738454
6.04775444751351	22.5705268698211	55.2629711738454
-22.5705268698211	-6.04775444751351	55.2629711738454
-19.1409037038839	-13.4026050616057	55.2629711738454
-13.4026050616057	-19.1409037038839	55.2629711738454
-6.04775444751351	-22.5705268698211	55.2629711738454
-2.03654460829845	23.277811389758	55.2629711738454
-9.87520632815228	21.1774483121824	55.2629711738454
-16.5227724223076	16.5227724223076	55.2629711738454
-21.1774483121824	9.87520632815229	55.2629711738454
-23.277811389758	2.03654460829846	55.2629711738454
2.03654460829845	-23.277811389758	55.2629711738454
9.87520632815227	-21.1774483121824	55.2629711738454
16.5227724223076	-16.5227724223076	55.2629711738454
21.1774483121824	-9.8752063281523	55.2629711738454
23.277811389758	-2.03654460829846	55.2629711738454
20.1773733986464	1.9872978220942	56.4705609153822
17.8809563511564	9.55757029114315	56.4705609153822
12.8623257904759	15.672789322956	56.4705609153822
5.88552272546897	19.4019682545378	56.4705609153822
-20.1773733986464	-1.9872978220942	56.4705609153822
-17.8809563511564	-9.55757029114315	56.4705609153822
-12.8623257904759	-15.672789322956	56.4705609153822
-5.88552272546898	-19.4019682545378	56.4705609153822
-5.88552272546897	19.4019682545378	56.4705609153822
-12.8623257904759	15.672789322956	56.4705609153822
-17.8809563511564	9.55757029114315	56.4705609153822
-20.1773733986464	1.9872978220942	56.4705609153822
5.88552272546897	-19.4019682545378	56.4705609153822
12.8623257904759	-15.672789322956	56.4705609153822
17.8809563511564	-9.55757029114315	56.4705609153822
20.1773733986464	-1.9872978220942	56.4705609153822
16.0562069092973	5.61830979134707	57.5380988109121
12.0284493020861	12.0284493020861	57.5380988109121
5.61830979134708	16.0562069092973	57.5380988109121
-16.0562069092973	-5.61830979134707	57.5380988109121
-12.0284493020861	-12.0284493020861	57.5380988109121
-5.61830979134708	-16.0562069092973	57.5380988109121
-1.90460487761603	16.903835821667	57.5380988109121
-9.05028919212136	14.4034527376141	57.5380988109121
-14.4034527376141	9.05028919212137	57.5380988109121
-16.903835821667	1.90460487761604	57.5380988109121
1.90460487761603	-16.903835821667	57.5380988109121
9.05028919212136	-14.4034527376141	57.5380988109121
14.4034527376141	-9.05028919212137	57.5380988109121
16.903835821667	-1.90460487761604	57.5380988109121
13.3714775232075	1.76038841236399	58.4645586786043
10.6998450150483	8.21027984723873	58.4645586786043
5.16119767596878	12.4602334274123	58.4645586786043
-13.3714775232075	-1.76038841236399	58.4645586786043
-10.6998450150483	-8.21027984723872	58.4645586786043
-5.16119767596879	-12.4602334274123	58.4645586786043
-5.16119767596877	12.4602334274123	58.4645586786043
-10.6998450150483	8.21027984723873	58.4645586786043
-13.3714775232075	1.760388412364	58.4645586786043
5.16119767596877	-12.4602334274123	58.4645586786043
10.6998450150483	-8.21027984723873	58.4645586786043
13.3714775232075	-1.76038841236401	58.4645586786043
8.31120338879773	5.55336855979713	59.1615077213985
1.95008370897877	9.80373284310021	59.1615077213985
-8.31120338879773	-5.55336855979712	59.1615077213985
-1.95008370897877	-9.8037328431002	59.1615077213985
-1.95008370897877	9.80373284310021	59.1615077213985
-8.31120338879773	5.55336855979713	59.1615077213985
1.95008370897877	-9.80373284310021	59.1615077213985
8.31120338879773	-5.55336855979713	59.1615077213985
