-1.715202	54.578625	24.864266
-8.542193	53.933285	24.864266
-15.234468	52.437384	24.864266
-21.686487	50.114514	24.864266
-27.796497	47.001309	24.864266
-33.468139	43.146865	24.864266
-38.611969	38.611969	24.864266
-43.146865	33.468139	24.864266
-47.001309	27.796497	24.864266
-50.114514	21.686487	24.864266
-52.437384	15.234468	24.864266
-53.933285	8.542193	24.864266
-54.578625	1.715202	24.864266
1.715202	-54.578625	24.864266
8.542193	-53.933285	24.864266
15.234468	-52.437384	24.864266
21.686487	-50.114514	24.864266
27.796497	-47.001309	24.864266
33.468139	-43.146865	24.864266
38.611969	-38.611969	24.864266
43.146865	-33.468139	24.864266
47.001309	-27.796497	24.864266
50.114514	-21.686487	24.864266
52.437384	-15.234468	24.864266
53.933285	-8.542193	24.864266
54.578625	-1.715202	24.864266
-54.363228	-5.138838	24.864266
-53.290491	-11.911836	24.864266
-51.377331	-18.496977	24.864266
-48.653919	-24.790410	24.864266
-45.163206	-30.692883	24.864266
-40.960242	-36.111311	24.864266
-36.111311	-40.960242	24.864266
-30.692883	-45.163206	24.864266
-24.790410	-48.653919	24.864266
-18.496977	-51.377331	24.864266
-11.911836	-53.290491	24.864266
-5.138838	-54.363228	24.864266
54.363228	5.138838	24.864266
53.290491	11.911836	24.864266
51.377331	18.496977	24.864266
48.653919	24.790410	24.864266
45.163206	30.692883	24.864266
40.960242	36.111311	24.864266
36.111311	40.960242	24.864266
30.692883	45.163206	24.864266
24.790410	48.653919	24.864266
18.496977	51.377331	24.864266
11.911836	53.290491	24.864266
5.138838	54.363228	24.864266
-5.183456	52.628508	28.343816
-12.008509	51.501687	28.343816
-18.628094	49.493658	28.343816
-24.928947	46.638779	28.343816
-30.803258	42.985897	28.343816
-36.150518	38.597515	28.343816
-40.879232	33.548718	28.343816
-44.908490	27.925894	28.343816
-48.169353	21.825250	28.343816
-50.606024	15.351170	28.343816
-52.176812	8.614427	28.343816
-52.854841	1.730288	28.343816
5.183456	-52.628508	28.343816
12.008509	-51.501687	28.343816
18.628094	-49.493658	28.343816
24.928947	-46.638779	28.343816
30.803258	-42.985897	28.343816
36.150518	-38.597515	28.343816
40.879232	-33.548718	28.343816
44.908490	-27.925894	28.343816
48.169353	-21.825250	28.343816
50.606024	-15.351170	28.343816
52.176812	-8.614427	28.343816
52.854841	-1.730288	28.343816
-52.854841	-1.730288	28.343816
-52.176812	-8.614427	28.343816
-50.606024	-15.351170	28.343816
-48.169353	-21.825250	28.343816
-44.908490	-27.925894	28.343816
-40.879232	-33.548718	28.343816
-36.150518	-38.597515	28.343816
-30.803258	-42.985897	28.343816
-24.928947	-46.638779	28.343816
-18.628094	-49.493658	28.343816
-12.008509	-51.501687	28.343816
-5.183456	-52.628508	28.343816
52.854841	1.730288	28.343816
52.176812	8.614427	28.343816
50.606024	15.351170	28.343816
48.169353	21.825250	28.343816
44.908490	27.925894	28.343816
40.879232	33.548718	28.343816
36.150518	38.597515	28.343816
30.803258	42.985897	28.343816
24.928947	46.638779	28.343816
18.628094	49.493658	28.343816
12.008509	51.501687	28.343816
5.183456	52.628508	28.343816
-1.820276	50.966584	31.608447
-9.055049	50.188765	31.608447
-16.105488	48.389248	31.608447
-22.828065	45.604665	31.608447
-29.085929	41.891703	31.608447
-34.751687	37.325947	31.608447
-39.710001	32.000342	31.608447
-43.859934	26.023302	31.608447
-47.117005	19.516503	31.608447
-49.414910	12.612404	31.608447
-50.706870	5.451553	31.608447
1.820276	-50.966584	31.608447
9.055049	-50.188765	31.608447
16.105488	-48.389248	31.608447
22.828065	-45.604665	31.608447
29.085929	-41.891703	31.608447
34.751687	-37.325947	31.608447
39.710001	-32.000342	31.608447
43.859934	-26.023302	31.608447
47.117005	-19.516503	31.608447
49.414910	-12.612404	31.608447
50.706870	-5.451553	31.608447
-50.706870	-5.451553	31.608447
-49.414910	-12.612404	31.608447
-47.117005	-19.516503	31.608447
-43.859934	-26.023302	31.608447
-39.710001	-32.000342	31.608447
-34.751687	-37.325947	31.608447
-29.085929	-41.891703	31.608447
-22.828065	-45.604665	31.608447
-16.105488	-48.389248	31.608447
-9.055049	-50.188765	31.608447
-1.820276	-50.966584	31.608447
50.706870	5.451553	31.608447
49.414910	12.612404	31.608447
47.117005	19.516503	31.608447
43.859934	26.023302	31.608447
39.710001	32.000342	31.608447
34.751687	37.325947	31.608447
29.085929	41.891703	31.608447
22.828065	45.604665	31.608447
16.105488	48.389248	31.608447
9.055049	50.188765	31.608447
1.820276	50.966584	31.608447
-5.761995	48.682854	34.594496
-13.306732	47.182113	34.594496
-20.523813	44.519591	34.594496
-27.235529	40.760849	34.594496
-33.276616	35.998440	34.594496
-38.498322	30.349630	34.594496
-42.772072	23.953511	34.594496
-45.992632	16.967578	34.594496
-48.080700	9.563846	34.594496
-48.984862	1.924620	34.594496
5.761995	-48.682854	34.594496
13.306732	-47.182113	34.594496
20.523813	-44.519591	34.594496
27.235529	-40.760849	34.594496
33.276616	-35.998440	34.594496
38.498322	-30.349630	34.594496
42.772072	-23.953511	34.594496
45.992632	-16.967578	34.594496
48.080700	-9.563846	34.594496
48.984862	-1.924620	34.594496
-48.984862	-1.924620	34.594496
-48.080700	-9.563846	34.594496
-45.992632	-16.967578	34.594496
-42.772072	-23.953511	34.594496
-38.498322	-30.349630	34.594496
-33.276616	-35.998440	34.594496
-27.235529	-40.760849	34.594496
-20.523813	-44.519591	34.594496
-13.306732	-47.182113	34.594496
-5.761995	-48.682854	34.594496
48.984862	1.924620	34.594496
48.080700	9.563846	34.594496
45.992632	16.967578	34.594496
42.772072	23.953511	34.594496
38.498322	30.349630	34.594496
33.276616	35.998440	34.594496
27.235529	40.760849	34.594496
20.523813	44.519591	34.594496
13.306732	47.182113	34.594496
5.761995	48.682854	34.594496
-1.939937	46.903348	37.367267
-9.633516	45.944344	37.367267
-17.064318	43.732098	37.367267
-24.029650	40.326955	37.367267
-30.339515	35.821798	37.367267
-35.821798	30.339515	37.367267
-40.326955	24.029650	37.367267
-43.732098	17.064318	37.367267
-45.944344	9.633516	37.367267
-46.903348	1.939937	37.367267
1.939937	-46.903348	37.367267
9.633516	-45.944344	37.367267
17.064318	-43.732098	37.367267
24.029650	-40.326955	37.367267
30.339515	-35.821798	37.367267
35.821798	-30.339515	37.367267
40.326955	-24.029650	37.367267
43.732098	-17.064318	37.367267
45.944344	-9.633516	37.367267
46.903348	-1.939937	37.367267
-46.582950	-5.806559	37.367267
-44.991891	-13.394666	37.367267
-42.173571	-20.617403	37.367267
-38.204865	-27.277750	37.367267
-33.194031	-33.194031	37.367267
-27.277750	-38.204865	37.367267
-20.617403	-42.173571	37.367267
-13.394666	-44.991891	37.367267
-5.806559	-46.582950	37.367267
46.582950	5.806559	37.367267
44.991891	13.394666	37.367267
42.173571	20.617403	37.367267
38.204865	27.277750	37.367267
33.194031	33.194031	37.367267
27.277750	38.204865	37.367267
20.617403	42.173571	37.367267
13.394666	44.991891	37.367267
5.806559	46.582950	37.367267
-5.838249	44.345901	39.991948
-13.450137	42.658386	39.991948
-20.653351	39.674717	39.991948
-27.229022	35.485552	39.991948
-32.977354	30.218177	39.991948
-37.723685	24.032638	39.991948
-41.323801	17.116879	39.991948
-43.668315	9.681032	39.991948
-44.685988	1.951032	39.991948
5.838249	-44.345901	39.991948
13.450137	-42.658386	39.991948
20.653351	-39.674717	39.991948
27.229022	-35.485552	39.991948
32.977354	-30.218177	39.991948
37.723685	-24.032638	39.991948
41.323801	-17.116879	39.991948
43.668315	-9.681032	39.991948
44.685988	-1.951032	39.991948
-44.685988	-1.951032	39.991948
-43.668315	-9.681032	39.991948
-41.323801	-17.116879	39.991948
-37.723685	-24.032638	39.991948
-32.977354	-30.218177	39.991948
-27.229022	-35.485552	39.991948
-20.653351	-39.674717	39.991948
-13.450137	-42.658386	39.991948
-5.838249	-44.345901	39.991948
44.685988	1.951032	39.991948
43.668315	9.681032	39.991948
41.323801	17.116879	39.991948
37.723685	24.032638	39.991948
32.977354	30.218177	39.991948
27.229022	35.485552	39.991948
20.653351	39.674717	39.991948
13.450137	42.658386	39.991948
5.838249	44.345901	39.991948
-1.957003	42.329327	42.478209
-9.701675	41.248991	42.478209
-17.115967	38.763971	42.478209
-23.947396	34.958890	42.478209
-29.963326	29.963326	42.478209
-34.958890	23.947396	42.478209
-38.763971	17.115967	42.478209
-41.248991	9.701675	42.478209
-42.329327	1.957003	42.478209
1.957003	-42.329327	42.478209
9.701675	-41.248991	42.478209
17.115967	-38.763971	42.478209
23.947396	-34.958890	42.478209
29.963326	-29.963326	42.478209
34.958890	-23.947396	42.478209
38.763971	-17.115967	42.478209
41.248991	-9.701675	42.478209
42.329327	-1.957003	42.478209
-41.968188	-5.854312	42.478209
-40.177873	-13.466266	42.478209
-37.019348	-20.619642	42.478209
-32.600174	-27.070841	42.478209
-27.070841	-32.600174	42.478209
-20.619642	-37.019348	42.478209
-13.466266	-40.177873	42.478209
-5.854312	-41.968188	42.478209
41.968188	5.854312	42.478209
40.177873	13.466266	42.478209
37.019348	20.619642	42.478209
32.600174	27.070841	42.478209
27.070841	32.600174	42.478209
20.619642	37.019348	42.478209
13.466266	40.177873	42.478209
5.854312	41.968188	42.478209
-5.853131	39.458607	44.819184
-13.438657	37.558531	44.819184
-20.507743	34.215103	44.819184
-26.788728	29.556807	44.819184
-32.040237	23.762659	44.819184
-36.060458	17.055326	44.819184
-38.694895	9.692567	44.819184
-39.842310	1.957327	44.819184
5.853131	-39.458607	44.819184
13.438657	-37.558531	44.819184
20.507743	-34.215103	44.819184
26.788728	-29.556807	44.819184
32.040237	-23.762659	44.819184
36.060458	-17.055326	44.819184
38.694895	-9.692567	44.819184
39.842310	-1.957327	44.819184
-39.842310	-1.957327	44.819184
-38.694895	-9.692567	44.819184
-36.060458	-17.055326	44.819184
-32.040237	-23.762659	44.819184
-26.788728	-29.556807	44.819184
-20.507743	-34.215103	44.819184
-13.438657	-37.558531	44.819184
-5.853131	-39.458607	44.819184
39.842310	1.957327	44.819184
38.694895	9.692567	44.819184
36.060458	17.055326	44.819184
32.040237	23.762659	44.819184
26.788728	29.556807	44.819184
20.507743	34.215103	44.819184
13.438657	37.558531	44.819184
5.853131	39.458607	44.819184
-1.950502	37.217791	47.021607
-9.645893	35.998961	47.021607
-16.919711	33.206803	47.021607
-23.454058	28.963349	47.021607
-28.963349	23.454058	47.021607
-33.206803	16.919711	47.021607
-35.998961	9.645893	47.021607
-37.217791	1.950502	47.021607
1.950502	-37.217791	47.021607
9.645893	-35.998961	47.021607
16.919711	-33.206803	47.021607
23.454058	-28.963349	47.021607
28.963349	-23.454058	47.021607
33.206803	-16.919711	47.021607
35.998961	-9.645893	47.021607
37.217791	-1.950502	47.021607
-36.810025	-5.830135	47.021607
-34.793485	-13.355967	47.021607
-31.256302	-20.298080	47.021607
-26.353068	-26.353068	47.021607
-20.298080	-31.256302	47.021607
-13.355967	-34.793485	47.021607
-5.830135	-36.810025	47.021607
36.810025	5.830135	47.021607
34.793485	13.355967	47.021607
31.256302	20.298080	47.021607
26.353068	26.353068	47.021607
20.298080	31.256302	47.021607
13.355967	34.793485	47.021607
5.830135	36.810025	47.021607
-6.238916	34.044664	49.010578
-14.205046	31.562318	49.010578
-21.345630	27.245684	49.010578
-27.245684	21.345630	49.010578
-31.562318	14.205046	49.010578
-34.044664	6.238916	49.010578
6.238916	-34.044664	49.010578
14.205046	-31.562318	49.010578
21.345630	-27.245684	49.010578
27.245684	-21.345630	49.010578
31.562318	-14.205046	49.010578
34.044664	-6.238916	49.010578
-34.548459	-2.089797	49.010578
-33.044422	-10.297058	49.010578
-29.619964	-17.905892	49.010578
-24.474101	-24.474101	49.010578
-17.905892	-29.619964	49.010578
-10.297058	-33.044422	49.010578
-2.089797	-34.548459	49.010578
34.548459	2.089797	49.010578
33.044422	10.297058	49.010578
29.619964	17.905892	49.010578
24.474101	24.474101	49.010578
17.905892	29.619964	49.010578
10.297058	33.044422	49.010578
2.089797	34.548459	49.010578
-2.089368	31.877589	50.788324
-10.268701	30.250619	50.788324
-17.748240	26.562118	50.788324
-24.018266	21.063454	50.788324
-28.651486	14.129349	50.788324
-31.332155	6.232353	50.788324
2.089368	-31.877589	50.788324
10.268701	-30.250619	50.788324
17.748240	-26.562118	50.788324
24.018266	-21.063454	50.788324
28.651486	-14.129349	50.788324
31.332155	-6.232353	50.788324
-31.332155	-6.232353	50.788324
-28.651486	-14.129349	50.788324
-24.018266	-21.063454	50.788324
-17.748240	-26.562118	50.788324
-10.268701	-30.250619	50.788324
-2.089368	-31.877589	50.788324
31.332155	6.232353	50.788324
28.651486	14.129349	50.788324
24.018266	21.063454	50.788324
17.748240	26.562118	50.788324
10.268701	30.250619	50.788324
2.089368	31.877589	50.788324
-6.204626	28.522206	52.421240
-13.988929	25.618811	52.421240
-20.639933	20.639933	52.421240
-25.618811	13.988929	52.421240
-28.522206	6.204626	52.421240
6.204626	-28.522206	52.421240
13.988929	-25.618811	52.421240
20.639933	-20.639933	52.421240
25.618811	-13.988929	52.421240
28.522206	-6.204626	52.421240
-29.114902	-2.082339	52.421240
-27.348881	-10.200605	52.421240
-23.367216	-17.492479	52.421240
-17.492479	-23.367216	52.421240
-10.200605	-27.348881	52.421240
-2.082339	-29.114902	52.421240
29.114902	2.082339	52.421240
27.348881	10.200605	52.421240
23.367216	17.492479	52.421240
17.492479	23.367216	52.421240
10.200605	27.348881	52.421240
2.082339	29.114902	52.421240
-2.065867	26.249333	53.913864
-10.076247	24.326212	53.913864
-17.100293	20.021871	53.913864
-22.450443	13.757649	53.913864
-25.602988	6.146734	53.913864
2.065867	-26.249333	53.913864
10.076247	-24.326212	53.913864
17.100293	-20.021871	53.913864
22.450443	-13.757649	53.913864
25.602988	-6.146734	53.913864
-25.602988	-6.146734	53.913864
-22.450443	-13.757649	53.913864
-17.100293	-20.021871	53.913864
-10.076247	-24.326212	53.913864
-2.065867	-26.249333	53.913864
25.602988	6.146734	53.913864
22.450443	13.757649	53.913864
17.100293	20.021871	53.913864
10.076247	24.326212	53.913864
2.065867	26.249333	53.913864
-6.047754	22.570527	55.262971
-13.402605	19.140904	55.262971
-19.140904	13.402605	55.262971
-22.570527	6.047754	55.262971
6.047754	-22.570527	55.262971
13.402605	-19.140904	55.262971
19.140904	-13.402605	55.262971
22.570527	-6.047754	55.262971
-23.277811	-2.036545	55.262971
-21.177448	-9.875206	55.262971
-16.522772	-16.522772	55.262971
-9.875206	-21.177448	55.262971
-2.036545	-23.277811	55.262971
23.277811	2.036545	55.262971
21.177448	9.875206	55.262971
16.522772	16.522772	55.262971
9.875206	21.177448	55.262971
2.036545	23.277811	55.262971
-1.987298	20.177373	56.470561
-9.557570	17.880956	56.470561
-15.672789	12.862326	56.470561
-19.401968	5.885523	56.470561
1.987298	-20.177373	56.470561
9.557570	-17.880956	56.470561
15.672789	-12.862326	56.470561
19.401968	-5.885523	56.470561
-19.401968	-5.885523	56.470561
-15.672789	-12.862326	56.470561
-9.557570	-17.880956	56.470561
-1.987298	-20.177373	56.470561
19.401968	5.885523	56.470561
15.672789	12.862326	56.470561
9.557570	17.880956	56.470561
1.987298	20.177373	56.470561
-5.618310	16.056207	57.538099
-12.028449	12.028449	57.538099
-16.056207	5.618310	57.538099
5.618310	-16.056207	57.538099
12.028449	-12.028449	57.538099
16.056207	-5.618310	57.538099
-16.903836	-1.904605	57.538099
-14.403453	-9.050289	57.538099
-9.050289	-14.403453	57.538099
-1.904605	-16.903836	57.538099
16.903836	1.904605	57.538099
14.403453	9.050289	57.538099
9.050289	14.403453	57.538099
1.904605	16.903836	57.538099
-1.760388	13.371478	58.464559
-8.210280	10.699845	58.464559
-12.460233	5.161198	58.464559
1.760388	-13.371478	58.464559
8.210280	-10.699845	58.464559
12.460233	-5.161198	58.464559
-12.460233	-5.161198	58.464559
-8.210280	-10.699845	58.464559
-1.760388	-13.371478	58.464559
12.460233	5.161198	58.464559
8.210280	10.699845	58.464559
1.760388	13.371478	58.464559
-5.553369	8.311203	59.161508
-9.803733	1.950084	59.161508
5.553369	-8.311203	59.161508
9.803733	-1.950084	59.161508
-9.803733	-1.950084	59.161508
-5.553369	-8.311203	59.161508
9.803733	1.950084	59.161508
5.553369	8.311203	59.161508
