-3.625147e-05	3.147895e-02	-5.107910e-02
1.102031e-02	3.028440e-02	-5.061035e-02
-1.806590e-02	3.180156e-02	-4.756348e-02
-6.160214e-03	3.666249e-02	-4.709473e-02
6.897306e-03	3.712742e-02	-4.662598e-02
1.950574e-02	3.300055e-02	-4.615723e-02
-2.599448e-02	3.201795e-02	-4.357910e-02
-1.359330e-02	3.945529e-02	-4.311035e-02
7.750007e-04	4.220300e-02	-4.264160e-02
1.537394e-02	3.981322e-02	-4.217285e-02
2.840019e-02	3.246840e-02	-4.170410e-02
-2.169252e-02	3.998240e-02	-3.912598e-02
-6.719164e-03	4.539242e-02	-3.865723e-02
9.338770e-03	4.532579e-02	-3.818848e-02
2.452181e-02	3.969765e-02	-3.771973e-02
-2.991016e-02	3.834645e-02	-3.514160e-02
-1.504395e-02	4.659907e-02	-3.467285e-02
1.866622e-03	4.926048e-02	-3.420410e-02
1.877342e-02	4.592913e-02	-3.373535e-02
3.360205e-02	3.693556e-02	-3.326660e-02
-3.775998e-02	3.469022e-02	-3.115723e-02
-2.369825e-02	4.578876e-02	-3.068848e-02
-6.588050e-03	5.141367e-02	-3.021973e-02
1.150832e-02	5.081769e-02	-2.975098e-02
2.838601e-02	4.400893e-02	-2.928223e-02
4.196716e-02	3.175753e-02	-2.881348e-02
-3.221254e-02	4.300282e-02	-2.670410e-02
-1.557280e-02	5.166424e-02	-2.623535e-02
3.107895e-03	5.409643e-02	-2.576660e-02
2.156384e-02	4.995017e-02	-2.529785e-02
3.753832e-02	3.967858e-02	-2.482910e-02
-4.015336e-02	3.836042e-02	-2.271973e-02
-2.464159e-02	4.997685e-02	-2.225098e-02
-6.022302e-03	5.558117e-02	-2.178223e-02
1.345288e-02	5.444957e-02	-2.131348e-02
3.141309e-02	4.667671e-02	-2.084473e-02
4.565761e-02	3.316930e-02	-2.037598e-02
-4.713244e-02	3.205495e-02	-1.873535e-02
-3.336512e-02	4.640151e-02	-1.826660e-02
-1.546292e-02	5.517368e-02	-1.779785e-02
4.413082e-03	5.727327e-02	-1.732910e-02
2.384995e-02	5.241096e-02	-1.686035e-02
4.047655e-02	4.114564e-02	-1.639160e-02
-4.134344e-02	4.106992e-02	-1.428223e-02
-2.479414e-02	5.286245e-02	-1.381348e-02
-5.165421e-03	5.826866e-02	-1.334473e-02
1.516357e-02	5.660632e-02	-1.287598e-02
3.371965e-02	4.805253e-02	-1.240723e-02
4.823714e-02	3.362516e-02	-1.193848e-02
-4.821909e-02	3.418880e-02	-1.029785e-02
-3.361043e-02	4.872092e-02	-9.829102e-03
-1.487689e-02	5.736778e-02	-9.360352e-03
5.712126e-03	5.906193e-02	-8.891602e-03
2.565556e-02	5.358029e-02	-8.422852e-03
4.252510e-02	4.157340e-02	-7.954102e-03
-4.153533e-02	4.290286e-02	-5.844727e-03
-2.431559e-02	5.458801e-02	-5.375977e-03
-4.117133e-03	5.965709e-02	-4.907227e-03
1.660754e-02	5.748469e-02	-4.438477e-03
3.533872e-02	4.832614e-02	-3.969727e-03
4.979645e-02	3.328748e-02	-3.500977e-03
-4.823571e-02	3.563502e-02	-1.860352e-03
-3.309165e-02	5.003005e-02	-1.391602e-03
-1.392355e-02	5.835480e-02	-9.228516e-04
6.939882e-03	5.959557e-02	-4.541016e-04
2.696313e-02	5.360027e-02	1.464844e-05
4.371259e-02	4.109715e-02	4.833984e-04
-4.084655e-02	4.387296e-02	2.592773e-03
-2.330932e-02	5.520238e-02	3.061523e-03
-2.957115e-03	5.982301e-02	3.530273e-03
1.773519e-02	5.717929e-02	3.999023e-03
3.625366e-02	4.759949e-02	4.467773e-03
5.035127e-02	3.225493e-02	4.936523e-03
-4.726751e-02	3.636652e-02	6.577148e-03
-3.189559e-02	5.032919e-02	7.045898e-03
-1.268314e-02	5.816071e-02	7.514648e-03
8.029583e-03	5.892191e-02	7.983398e-03
2.772460e-02	5.253482e-02	8.452148e-03
4.401290e-02	3.979048e-02	8.920898e-03
-3.933803e-02	4.394146e-02	1.103027e-02
-2.184420e-02	5.468641e-02	1.149902e-02
-1.756376e-03	5.876808e-02	1.196777e-02
1.847927e-02	5.571220e-02	1.243652e-02
3.640648e-02	4.591320e-02	1.290527e-02
4.985771e-02	3.058340e-02	1.337402e-02
-4.534111e-02	3.631451e-02	1.501465e-02
-3.006870e-02	4.955944e-02	1.548340e-02
-1.121869e-02	5.674214e-02	1.595215e-02
8.906525e-03	5.701779e-02	1.642090e-02
2.785985e-02	5.038421e-02	1.688965e-02
4.334773e-02	3.767838e-02	1.735840e-02
-3.702270e-02	4.301541e-02	1.946777e-02
-1.996277e-02	5.295302e-02	1.993652e-02
-5.847914e-04	5.642059e-02	2.040527e-02
1.874790e-02	5.303576e-02	2.087402e-02
3.569148e-02	4.325048e-02	2.134277e-02
-4.242372e-02	3.535852e-02	2.345215e-02
-2.761907e-02	4.759178e-02	2.392090e-02
-9.581329e-03	5.397539e-02	2.438965e-02
9.479080e-03	5.377924e-02	2.485840e-02
2.724416e-02	4.707750e-02	2.532715e-02
4.157103e-02	3.473357e-02	2.579590e-02
-3.385736e-02	4.092646e-02	2.790527e-02
-1.768034e-02	4.982289e-02	2.837402e-02
4.813309e-04	5.261048e-02	2.884277e-02
1.840824e-02	4.900991e-02	2.931152e-02
3.393078e-02	3.952009e-02	2.978027e-02
-3.839907e-02	3.329507e-02	3.188965e-02
-2.450346e-02	4.418727e-02	3.235840e-02
-7.811511e-03	4.961208e-02	3.282715e-02
9.621676e-03	4.897761e-02	3.329590e-02
2.567553e-02	4.243484e-02	3.376465e-02
3.842299e-02	3.085042e-02	3.423340e-02
-2.970774e-02	3.737182e-02	3.634277e-02
-1.497123e-02	4.495302e-02	3.681152e-02
1.347284e-03	4.699326e-02	3.728027e-02
1.724715e-02	4.333067e-02	3.774902e-02
3.080936e-02	3.449906e-02	3.821777e-02
-2.058183e-02	3.888551e-02	4.079590e-02
-5.933863e-03	4.315111e-02	4.126465e-02
9.133579e-03	4.212958e-02	4.173340e-02
2.278632e-02	3.605222e-02	4.220215e-02
-2.423503e-02	3.173942e-02	4.478027e-02
-1.171843e-02	3.761920e-02	4.524902e-02
1.871226e-03	3.881216e-02	4.571777e-02
1.485518e-02	3.530055e-02	4.618652e-02
-1.544843e-02	3.061729e-02	4.923340e-02
-3.928299e-03	3.338061e-02	4.970215e-02
7.598392e-03	3.201789e-02	5.017090e-02
